1048576000S
114316226 519
46052 1
171364 1
5426 1
151322 1
-4364 -1
13014078 1
52575 1
6107 1
32958 1
35604 1
4030858 1
6079 1
3526 1
31094 1
6061 1
6241 1
5726 1
41782 1
5565 1
-17694 -1
10065 1
5607 1
46169 1
-5426 -1
5202 1
-151322 -1
21895 1
9835 1
5270 1
17585 1
32937 1
128482 1
36047 1
41816 1
42782 1
76222 1
4290 1
51582 1
24667 1
41695 1
35424 1
36088 1
57216 1
40206 1
17131 1
30219 1
6698 1
248995 1
43396 1
-5565 -1
7718 1
12602 1
21430 1
15570 1
13032 1
38420 1
4346 1
39084 1
13804 1
36139 1
13173 1
-5202 -1
5095 1
6414 1
39841 1
-5270 -1
6169 1
50413 1
9721 1
5927 1
16667 1
57004 1
5554 1
44446 1
850779 1
57056 1
6119 1
15188 1
11947 1
20578 1
9969 1
6115 1
1017125 1
150976 1
7590 1
41368 1
8900 1
14550 1
13124 1
-4346 -1
141528 1
7758 1
15656 1
15143 1
13920 1
36181 1
14937 1
14065 1
19436 1
46345 1
13563 1
32668 1
92534 1
-6169 -1
13819 1
6345 1
5389 1
1078057 1
26363 1
13663 1
44457 1
13014216 1
197170 1
-850779 -1
37916 1
34739 1
13701 1
13619 1
13697 1
10375 1
35742 1
9535 1
4773926 1
10344 1
38251 1
10164 1
937624 1
-150976 -1
53243 1
13702 1
15762 1
31509 1
-92534 -1
12875 1
-1078057 -1
9852 1
94597 1
-13014216 -1
12989 1
-197170 -1
17195 1
-37916 -1
1094203 1
36027 1
-13701 -1
12944 1
-13619 -1
1057921 1
3826370 1
-23232 -2
12860 1
17224 1
50112 1
4653 1
1073015 1
1073125 1
13512 1
-937624 -1
40806 1
774414 1
30864 1
54813 1
10178 1
155412 1
13525 1
8037 1
13634 1
17589 1
-94597 -1
31629 1
8891 1
-1111398 -2
9032 1
-1057921 -1
153422 1
10997 1
40361 1
13722 1
13110 1
9038 1
-2146140 -2
13720 1
196021 1
12830 1
13623 1
35869 1
8425 1
9273 1
7990 1
14603 1
-54813 -1
5326 1
14191 1
-8037 -1
30498 1
49433 1
1624707 1
41317 1
54226 1
10835 1
9348186 1
6060 1
2669 1
7681 1
29972 1
18127 1
14049 1
36656 1
9920 1
36749 1
24459 1
6370 1
9933 1
13471 1
48705 1
-13623 -1
13453 1
5720 1
12932 1
-9273 -1
10049 1
52257 1
14719 1
40305 1
12851 1
189677 1
-5326 -1
67303 1
-14191 -1
5343 1
4374 1
7639732 1
-1624707 -1
47358 1
23048 1
37421 1
39196 1
2167 1
9038 1
-6060 -1
5184 1
5828 1
-6370 -1
41669 1
16400 1
6861 1
16516 1
8046 1
10429 1
5192 1
5735 1
-5720 -1
21385 1
48685 1
589316 1
65113 1
10755 1
11390 1
110361 1
138221 1
19895 1
15485 1
131654 1
266914 1
161203 1
148726 1
14337163 1
11322 1
10530 1
4649850 1
24411 1
4644350 1
13091 1
31439 1
17109 1
-189677 -1
37413 1
13724 1
12176 1
44332 1
20577 1
19238 1
13696 1
93236 1
8654 1
-47358 -1
4475 1
2386901 1
8949 1
-37421 -1
10523 1
13307 1
-2167 -1
54441 1
5442 1
8536 1
15862 1
8897 1
5298 1
7463 1
7129 1
48844 1
8189 1
775780 1
5955 1
-5828 -1
2840042 1
10455 1
11907 1
2618068 1
4124 1
4693210 1
24748 1
-5192 -1
10904 1
36034 1
37085 1
22030 1
17602 1
-48685 -1
4260 1
-148726 -1
59338 1
-24411 -1
8006 1
44259 1
9182 1
5943 1
13955 1
10185 1
41595 1
10408 1
31500 1
6274 1
31491 1
8369 1
8434 1
15990 1
5299 1
8474 1
-8949 -1
8503 1
48924 1
13788 1
5521 1
-18749 -2
13663 1
195107 1
13711 1
-12761 -2
93950 1
17191 1
26261 1
13473 1
-8189 -1
13127 1
-5955 -1
50484 1
10892 1
29294 1
-46474 -3
5701 1
5701 1
41620 1
18590 1
-5943 -1
14997 1
-35936 -4
54701 1
8384 1
4845 1
-5521 -1
24769 1
7840 1
94101 1
32186 1
5058 1
3230 1
4586 1
24185 1
12971 1
5158 1
36076 1
13856 1
291564 1
17964 1
12757 1
13088 1
4470 1
50226 1
23926 1
13506 1
10364 1
-11402 -2
14627 1
4312 1
14765 1
11288 1
47956 1
5371 1
4729 1
41551 1
17285 1
11344 1
3744 1
4493 1
42874 1
-13229 -2
17021 1
4540 1
7621 1
17681 1
9150 1
44557 1
5407 1
42930 1
44773 1
9492 1
18439 1
19175 1
8831 1
-5158 -1
5064 1
-12757 -1
7286 1
7203 1
7834 1
50335 1
47426 1
12557 1
23534 1
5207 1
13560 1
93932 1
10145 1
12960 1
-10364 -1
8506 1
39484 1
10251 1
45517 1
4405 1
1256879 1
